userid
2574562
4812677
5138500
6678802
7141246
8785295
9529672
9608841
9838580
9929762
10577545
12420359
13850182
13913337
14310448
14326526
14532890
14594724
15033553
15139800
16490601
18095976
18453464
19083498
20645765
20850535
20998188
21328886
22846500
22934303
23068316
23264062
23709115
24410573
24593395
24819382
27784852
27897788
28206355
28574291
28585322
28594774
28736901
28912010
29017549
29377005
29580383
29730834
29919028
29972965
30345991
31643951
31687731
32008153
33236145
33834078
34085434
34121441
35182660
36976296
37799016
38590643
39026113
39225296
39952152
40107592
40770955
40821275
41541414
42141578
42699121
43628549
43674083
43842134
44030410
44584724
44764382
44984663
45014769
45841666
45850889
45986522
46114413
46388879
46669329
46793777
46980891
47089661
47218656
47580450
47622472
47716980
48043609
48059174
48159509
48431437
48664515
49190562
49325119
49424066
49456047
49589532
50096803
50124444
50196117
50289625
50415350
50632015
50948537
51040595
51149993
51608824
51650545
52266414
52272437
52298201
52587848
52642604
52759090
52791818
52814154
52969002
53113332
53129317
53303126
53315148
53625028
53955792
53968375
54363801
54710402
54818284
54838577
54955524
54973657
55359822
55512472
55598809
55632800
55735018
55758530
55779822
55899337
56047888
56342048
56506602
56887788
56995180
57010135
57126874
57561774
57630338
57678438
57695205
58053473
58091115
58276658
58336052
58384234
58397625
58456933
58461318
58498953
58704872
58786603
58824902
58895062
58929064
59071379
59401048
59463327
59548836
59565303
59579872
59722901
59755788
59896938
60013310
60140475
60434052
60496945
60612131
60655959
60734858
60823317
60890670
60918524
60980335
60999275
61054160
61144791
61173036
61176645
61291508
61595210
61596202
61682654
62241816
62589181
62604195
62681029
62787054
62843800
62890052
62922255
62957569
63009462
63037351
63097593
63160462
63269060
63548310
63561642
63579557
63621974
63706942
63832133
63868278
64017493
64018292
64023015
64079327
64192644
64241403
64244454
64288665
64364312
64469545
64657373
64657988
64694916
64714964
64720845
64792746
64817919
64825003
65040093
65365302
65396713
65496430
65577067
65585192
65651552
65732640
65791298
65912279
65966920
65982999
66324267
66444295
66862741
67251319
67268548
67271870
67340566
67373453
67451490
67510489
67575890
67596141
67604562
67616557
67633434
67674591
67675075
67850729
67890075
68031130
68052309
68093404
68249985
68285114
68288590
68377144
68395849
68412067
68413783
68424970
68443684
68496008
68531151
68538021
68547107
